
G0                  0.000    0.001
G1                  0.000    0.001
G10               172.089    7.857
G11               150.089    7.262
G12                52.000    4.610
G13                74.000    5.500
G14                15.000    2.000
G15               103.025    6.323
G16               103.011    6.347
G17               165.089    7.533
G2                  0.000    0.001
G3                  0.000    0.001
G5                 30.000    3.500
G6                 30.000    3.500
G7                 30.000    3.500
G8                 71.011    5.295
G9                128.089    6.614

G0	1.000	0.000	0.000	0.000	0.000	0.000	0.000	0.000	0.000	0.000	0.000	0.000	0.000	0.000	0.000	0.000	0.000	
G1	0.000	1.000	0.000	0.000	0.000	0.000	0.000	0.000	0.000	0.000	0.000	0.000	0.000	0.000	0.000	0.000	0.000	
G10	0.000	0.000	1.000	0.924	0.001	0.001	0.001	0.627	0.740	0.891	0.000	0.000	0.000	0.443	0.001	0.673	0.842	
G11	0.000	0.000	0.924	1.000	0.001	0.001	0.001	0.678	0.801	0.964	0.000	0.000	0.000	0.479	0.001	0.728	0.911	
G12	0.000	0.000	0.001	0.001	1.000	0.838	0.000	0.004	-0.000	0.001	0.000	0.000	0.000	0.000	0.759	-0.000	0.001	
G13	0.000	0.000	0.001	0.001	0.838	1.000	0.000	0.003	-0.000	0.001	0.000	0.000	0.000	0.000	0.636	-0.000	0.001	
G14	0.000	0.000	0.001	0.001	0.000	0.000	1.000	0.002	0.002	0.001	0.000	0.000	0.000	0.000	0.000	0.002	0.001	
G15	0.000	0.000	0.627	0.678	0.004	0.003	0.002	1.000	0.695	0.654	0.000	0.000	0.000	0.548	0.003	0.833	0.744	
G16	0.000	0.000	0.740	0.801	-0.000	-0.000	0.002	0.695	1.000	0.772	0.000	0.000	0.000	0.549	0.000	0.834	0.880	
G17	0.000	0.000	0.891	0.964	0.001	0.001	0.001	0.654	0.772	1.000	0.000	0.000	0.000	0.462	0.001	0.702	0.878	
G2	0.000	0.000	0.000	0.000	0.000	0.000	0.000	0.000	0.000	0.000	1.000	0.000	0.000	0.000	0.000	0.000	0.000	
G3	0.000	0.000	0.000	0.000	0.000	0.000	0.000	0.000	0.000	0.000	0.000	1.000	0.000	0.000	0.000	0.000	0.000	
G5	0.000	0.000	0.000	0.000	0.000	0.000	0.000	0.000	0.000	0.000	0.000	0.000	1.000	0.000	0.000	0.000	0.000	
G6	0.000	0.000	0.443	0.479	0.000	0.000	0.000	0.548	0.549	0.462	0.000	0.000	0.000	1.000	0.000	0.658	0.526	
G7	0.000	0.000	0.001	0.001	0.759	0.636	0.000	0.003	0.000	0.001	0.000	0.000	0.000	0.000	1.000	0.000	0.001	
G8	0.000	0.000	0.673	0.728	-0.000	-0.000	0.002	0.833	0.834	0.702	0.000	0.000	0.000	0.658	0.000	1.000	0.799	
G9	0.000	0.000	0.842	0.911	0.001	0.001	0.001	0.744	0.880	0.878	0.000	0.000	0.000	0.526	0.001	0.799	1.000	

G6                 30.000    3.500
G8                 71.011    5.295
G16               103.011    6.347
G9                128.089    6.614
G11               150.089    7.262
G10               172.089    7.857

G6                 30.000    3.500
G8                 71.011    5.295
G16               103.011    6.347
G9                128.089    6.614
G11               150.089    7.262
G17               165.089    7.533

G6                 30.000    3.500
G8                 71.011    5.295
G16               103.011    6.347
G9                128.089    6.614
G11               150.089    7.262

G7                 30.000    3.500
G12                52.000    4.610
G13                74.000    5.500
