
G0                  0.000    0.001
G1                  0.000    0.001
G10               172.088    7.856
G11               150.088    7.261
G12                52.000    4.610
G13                74.000    5.500
G14                15.000    2.000
G15               103.025    6.319
G16               103.010    6.346
G17               165.088    7.531
G2                  0.000    0.001
G3                  0.000    0.001
G5                 30.000    3.500
G6                 30.000    3.500
G7                 30.000    3.500
G8                 71.010    5.294
G9                128.088    6.612

G0	1.000	0.000	0.000	0.000	0.000	0.000	0.000	0.000	0.000	0.000	0.000	0.000	0.000	0.000	0.000	0.000	0.000	
G1	0.000	1.000	0.000	0.000	0.000	0.000	0.000	0.000	0.000	0.000	0.000	0.000	0.000	0.000	0.000	0.000	0.000	
G10	0.000	0.000	1.000	0.872	0.001	0.001	0.001	0.626	0.740	0.841	0.000	0.000	0.000	0.443	0.001	0.672	0.785	
G11	0.000	0.000	0.872	1.000	0.001	0.001	0.001	0.677	0.800	0.964	0.000	0.000	0.000	0.479	0.001	0.727	0.849	
G12	0.000	0.000	0.001	0.001	1.000	0.838	0.000	0.004	0.000	0.001	0.000	0.000	0.000	0.000	0.759	0.000	0.001	
G13	0.000	0.000	0.001	0.001	0.838	1.000	0.000	0.003	0.000	0.001	0.000	0.000	0.000	0.000	0.636	0.000	0.001	
G14	0.000	0.000	0.001	0.001	0.000	0.000	1.000	0.002	0.002	0.001	0.000	0.000	0.000	0.000	0.000	0.002	0.001	
G15	0.000	0.000	0.626	0.677	0.004	0.003	0.002	1.000	0.695	0.653	0.000	0.000	0.000	0.548	0.003	0.832	0.744	
G16	0.000	0.000	0.740	0.800	0.000	0.000	0.002	0.695	1.000	0.772	0.000	0.000	0.000	0.549	0.000	0.833	0.879	
G17	0.000	0.000	0.841	0.964	0.001	0.001	0.001	0.653	0.772	1.000	0.000	0.000	0.000	0.462	0.001	0.701	0.819	
G2	0.000	0.000	0.000	0.000	0.000	0.000	0.000	0.000	0.000	0.000	1.000	0.000	0.000	0.000	0.000	0.000	0.000	
G3	0.000	0.000	0.000	0.000	0.000	0.000	0.000	0.000	0.000	0.000	0.000	1.000	0.000	0.000	0.000	0.000	0.000	
G5	0.000	0.000	0.000	0.000	0.000	0.000	0.000	0.000	0.000	0.000	0.000	0.000	1.000	0.000	0.000	0.000	0.000	
G6	0.000	0.000	0.443	0.479	0.000	0.000	0.000	0.548	0.549	0.462	0.000	0.000	0.000	1.000	0.000	0.658	0.526	
G7	0.000	0.000	0.001	0.001	0.759	0.636	0.000	0.003	0.000	0.001	0.000	0.000	0.000	0.000	1.000	0.000	0.001	
G8	0.000	0.000	0.672	0.727	0.000	0.000	0.002	0.832	0.833	0.701	0.000	0.000	0.000	0.658	0.000	1.000	0.798	
G9	0.000	0.000	0.785	0.849	0.001	0.001	0.001	0.744	0.879	0.819	0.000	0.000	0.000	0.526	0.001	0.798	1.000	

G6                 30.000    3.500
G8                 71.010    5.294
G16               103.010    6.346
G9                128.088    6.612
G11               150.088    7.261
G10               172.088    7.856

G6                 30.000    3.500
G8                 71.010    5.294
G16               103.010    6.346
G9                128.088    6.612
G11               150.088    7.261
G17               165.088    7.531

G6                 30.000    3.500
G8                 71.010    5.294
G16               103.010    6.346
G9                128.088    6.612
G11               150.088    7.261

G7                 30.000    3.500
G12                52.000    4.610
G13                74.000    5.500
