
G0                  0.000    0.001
G1                  0.000    0.001
G10               172.154    7.859
G11               150.154    7.264
G12                52.000    4.610
G13                74.000    5.500
G14                15.000    2.000
G15               103.025    6.318
G16               103.011    6.345
G17               165.154    7.534
G2                  0.000    0.001
G3                  0.000    0.001
G5                 30.000    3.500
G6                 30.000    3.500
G7                 30.000    3.500
G8                 71.011    5.292
G9                128.154    6.616

G0	1.000	0.000	0.000	0.000	0.000	0.000	0.000	0.000	0.000	0.000	0.000	0.000	0.000	0.000	0.000	0.000	0.000	
G1	0.000	1.000	0.000	0.000	0.000	0.000	0.000	0.000	0.000	0.000	0.000	0.000	0.000	0.000	0.000	0.000	0.000	
G10	0.000	0.000	1.000	0.924	0.001	0.001	0.001	0.626	0.741	0.891	0.000	0.000	0.000	0.442	0.001	0.672	0.842	
G11	0.000	0.000	0.924	1.000	0.001	0.001	0.001	0.677	0.802	0.964	0.000	0.000	0.000	0.479	0.001	0.728	0.911	
G12	0.000	0.000	0.001	0.001	1.000	0.838	0.000	0.004	0.000	0.001	0.000	0.000	0.000	0.000	0.759	0.000	0.001	
G13	0.000	0.000	0.001	0.001	0.838	1.000	0.000	0.003	0.000	0.001	0.000	0.000	0.000	0.000	0.636	0.000	0.001	
G14	0.000	0.000	0.001	0.001	0.000	0.000	1.000	0.002	0.002	0.001	0.000	0.000	0.000	0.000	0.000	0.002	0.002	
G15	0.000	0.000	0.626	0.677	0.004	0.003	0.002	1.000	0.695	0.653	0.000	0.000	0.000	0.548	0.003	0.833	0.743	
G16	0.000	0.000	0.741	0.802	0.000	0.000	0.002	0.695	1.000	0.773	0.000	0.000	0.000	0.549	0.000	0.834	0.880	
G17	0.000	0.000	0.891	0.964	0.001	0.001	0.001	0.653	0.773	1.000	0.000	0.000	0.000	0.462	0.001	0.701	0.878	
G2	0.000	0.000	0.000	0.000	0.000	0.000	0.000	0.000	0.000	0.000	1.000	0.000	0.000	0.000	0.000	0.000	0.000	
G3	0.000	0.000	0.000	0.000	0.000	0.000	0.000	0.000	0.000	0.000	0.000	1.000	0.000	0.000	0.000	0.000	0.000	
G5	0.000	0.000	0.000	0.000	0.000	0.000	0.000	0.000	0.000	0.000	0.000	0.000	1.000	0.000	0.000	0.000	0.000	
G6	0.000	0.000	0.442	0.479	0.000	0.000	0.000	0.548	0.549	0.462	0.000	0.000	0.000	1.000	0.000	0.658	0.526	
G7	0.000	0.000	0.001	0.001	0.759	0.636	0.000	0.003	0.000	0.001	0.000	0.000	0.000	0.000	1.000	0.000	0.001	
G8	0.000	0.000	0.672	0.728	0.000	0.000	0.002	0.833	0.834	0.701	0.000	0.000	0.000	0.658	0.000	1.000	0.799	
G9	0.000	0.000	0.842	0.911	0.001	0.001	0.002	0.743	0.880	0.878	0.000	0.000	0.000	0.526	0.001	0.799	1.000	
